57600    54784    58112
56561.949    53415.66    57121.129
55523.891    52047.309    56130.262
54485.84    50678.961    55139.391
53447.781    49310.621    54148.52
51371.672    46655.25    52193.879
50333.621    45428.449    51250.199
49295.559    44201.66    50306.512
48257.512    42974.871    49362.82
47219.449    41748.078    48419.141
46223.559    40563.449    47510.59
45468.609    39619.77    46802.82
44713.66    38676.078    46095.059
43958.711    37732.391    45387.289
42448.82    35845.02    43971.77
41693.871    34833.07    43195.73
40938.922    33795.012    42393.602
40183.969    32756.961    41591.461
39429.02    31718.9    40789.328
38674.07    30680.85    39987.199
37919.121    29670.9    39171.012
37164.172    28727.211    38321.699
36409.219    27783.529    37472.379
35654.27    26839.84    36623.059
34144.379    24952.471    34924.422
33512.91    24173.43    34239.75
32899.52    23418.48    33579.172
32286.119    22663.529    32918.59
31672.721    21908.58    32258.01
31059.33    21153.631    31597.43
30467.01    20419.77    30957.93
29900.801    19712    30344.529
29334.59    19004.23    29731.141
28768.381    18296.471    29117.74
28202.16    17588.711    28504.35
27358.869    16462.311    27807.619
27075.77    16037.65    27713.26
26792.66    15612.99    27618.891
26509.551    15188.33    27524.52
26226.449    14763.67    27430.15
26027.67    14479.56    27448.221
25886.119    14290.82    27542.59
25744.561    14102.09    27636.961
25603.01    13913.35    27731.33
25461.461    13724.61    27825.689
25279.75    13503.75    27944.16
24524.801    12748.8    28416
24147.33    12371.33    28651.92
23769.85    11993.85    28887.84
23392.381    11616.38    29123.77
22874.35    11168.63    29359.689
22308.141    10696.78    29595.609
21741.93    10224.94    29831.529
21175.721    9753.0977    30067.449
20609.51    9281.2549    30303.369
19952.939    8899.7646    30539.289
19103.619    8711.0273    30775.211
18254.311    8522.29    31011.141
16555.67    8144.8159    31482.98
15706.35    7956.0791    31718.9
14688.38    7893.835    31828.33
13650.32    7846.6509    31922.699
12612.27    7799.4668    32017.07
11574.21    7752.2822    32111.439
10536.16    7705.0981    32205.801
9807.3096    7922.9492    32388.52
9429.835    8441.9766    32671.619
9052.3604    8961.0039    32954.73
8674.8867    9480.0312    33237.84
8297.4121    9999.0586    33520.941
7911.9058    10526.12    33812.078
6779.4819    11941.65    34755.77
6213.271    12649.41    35227.609
5647.0591    13357.18    35699.449
5080.8472    14064.94    36171.289
4543.749    14714.48    36614.02
4024.7219    15327.87    37038.68
3505.6941    15941.27    37463.34
2986.667    16554.67    37888
2467.6389    17168.061    38312.66
1984.7531    17790.49    38764.422
1654.463    18451.07    39330.641
1324.173    19111.65    39896.852
993.88232    19772.23    40463.059
663.59222    20432.82    41029.27
333.302    21093.4    41595.48
256    21747.949    42227.949
256    22031.061    42511.059
256    22314.16    42794.16
256    22597.27    43077.27
239.9373    23008.881    43456.75
192.7529    23669.461    44022.961
145.5686    24330.039    44589.18
98.384323    24990.619    45155.391
51.200001    25651.199    45721.602
4.015687    26311.779    46287.809
0    26972.359    46897.191
0    27632.939    47510.59
0    28293.52    48123.98
0    28954.1    48737.379
0    29614.68    49350.781
0    30344.529    50033.441
0    31146.67    50788.391
0    31948.801    51543.34
0    33553.07    53053.238
0    34358.211    53805.18
0    35207.531    54512.941
0    36056.852    55220.711
0    36906.16    55928.469
0    37755.48    56636.23
0    38604.801    57344
0    39062.59    57208.469
0    39298.512    56595.07
0    39534.43    55981.68
0    39770.352    55368.281
0    40006.27    54754.891
0    40181.961    54041.102
0    40134.781    52955.859
0    40087.59    51870.621
0    40040.41    50785.379
0    39993.219    49700.141
0    39946.039    48614.898
0    39936    47641.102
0    39936    46697.41
0    39936    45753.73
0    39936    44810.039
0    39936    43866.352
0    39918.93    42854.398
0    39871.75    41721.98
0    39824.57    40589.551
0    39730.199    38324.711
0    39683.012    37192.281
0    39680    36369.07
0    39680    35566.93
0    39680    34764.801
0    39680    33962.672
0    39680    33160.539
0    39680    32527.061
0    39680    32055.211
0    39680    31583.369
0    39680    31111.529
0    39680    30639.689
0    39675.98    30123.67
0    39628.801    29132.801
0    39581.621    28141.93
0    39534.43    27151.061
0    39487.25    26160.189
0    39440.059    25169.32
0    39361.762    24240.689
0    39267.391    23344.189
0    39173.02    22447.689
0    39078.648    21551.18
0    38984.281    20654.68
0    38923.039    19835.48
0    38970.23    19269.27
0    39017.41    18703.061
0    39064.602    18136.85
0    39111.781    17570.631
0    39158.961    17004.42
0    39435.039    16781.551
0    39765.328    16640
0    40095.621    16498.449
0    40425.91    16356.89
0    40756.199    16215.34
993.88232    41122.641    16073.79
3589.02    41547.289    15932.24
6184.1572    41971.949    15790.68
8779.2939    42396.609    15649.13
11374.43    42821.27    15507.58
13969.57    43245.93    15366.02
15796.71    43715.77    15224.47
17589.711    44187.609    15082.92
19382.711    44659.449    14941.36
21175.721    45131.289    14799.81
22968.721    45603.141    14658.26
24686.43    46100.078    14516.71
26337.881    46619.109    14375.15
27989.33    47138.129    14233.6
29640.789    47657.16    14092.05
31292.23    48176.191    13950.49
32933.648    48705.25    13798.9
34490.73    49318.648    13562.98
34490.73    49318.648    13562.98
36047.809    49932.051    13327.06
37604.891    50545.441    13091.14
39161.98    51158.84    12855.22
40719.059    51772.23    12619.29
41922.762    52225    12415.5
42960.82    52602.48    12226.76
43998.871    52979.949    12038.02
45036.93    53357.43    11849.29
46074.98    53734.898    11660.55
47293.738    54196.711    11411.58
49039.559    54904.469    10986.92
50785.379    55612.23    10562.26
52531.199    56320    10137.6
54277.02    57027.77    9712.9414
56022.84    57735.531    9288.2822
57494.59    58325.84    8785.3174
58910.121    58892.051    8266.29
60325.648    59458.262    7747.2632
61741.18    60024.469    7228.2349
61741.18    60024.469    7228.2349
63156.711    60590.68    6709.208
64076.301    60470.211    6457.2241
64265.039    59337.789    6598.7759
64453.77    58205.359    6740.3301
64642.512    57072.941    6881.8818
64831.25    55940.52    7023.4351
65019.98    54808.09    7164.9878
64746.922    53260.051    7398.9019
64463.809    51702.961    7634.8242
64180.711    50145.879    7870.7451
63897.602    48588.801    8106.667
63614.488    47031.719    8342.5879
63614.488    47031.719    8342.5879
63592.41    45605.141    8474.1016
63781.141    44283.98    8521.2861
63969.879    42962.82    8568.4707
64158.621    41641.66    8615.6553
64347.359    40320.5    8662.8389
64415.621    38993.32    8704
63660.68    37624.969    8704
62905.73    36256.629    8704
62905.73    36256.629    8704
62150.781    34888.281    8704
61395.828    33519.941    8704
60640.879    32151.59    8704
60283.48    30882.631    8704
60094.75    29655.84    8704
59906.012    28429.051    8704
59717.27    27202.26    8704
59717.27    27202.26    8704
59528.539    25975.471    8704
59339.801    24722.57    8704
59151.059    23401.41    8704
58962.32    22080.25    8704
58773.59    20759.09    8704
58773.59    20759.09    8704
58584.852    19437.93    8704
58396.109    18116.77    8704
58287.691    17197.18    8704
58193.32    16347.86    8704
58193.32    16347.86    8704
58098.949    15498.54    8704
58004.578    14649.22    8704
57910.211    13799.91    8704
57795.77    12267.92    8704
57795.77    12267.92    8704
57654.211    9814.3369    8704
57512.66    7360.7529    8704
57512.66    7360.7529    8704
57371.109    4907.168    8704
57229.551    2453.584    8704
57229.551    2453.584    8704
57088    0    8704
